1 -74.025000 40.699000 0.0
2 -74.011667 40.699000 0.0
3 -73.998333 40.699000 0.0
4 -73.985000 40.699000 0.0
5 -73.971667 40.699000 0.0
6 -73.958333 40.699000 0.0
7 -73.945000 40.699000 0.0
8 -73.931667 40.699000 0.0
9 -73.918333 40.699000 0.0
10 -73.905000 40.699000 0.0
11 -74.025000 40.710111 0.0
12 -74.011667 40.710111 0.0
13 -73.998333 40.710111 0.0
14 -73.985000 40.710111 0.0
15 -73.971667 40.710111 0.0
16 -73.958333 40.710111 0.0
17 -73.945000 40.710111 0.0
18 -73.931667 40.710111 0.0
19 -73.918333 40.710111 0.0
20 -73.905000 40.710111 0.0
21 -74.025000 40.721222 0.0
22 -74.011667 40.721222 0.0
23 -73.998333 40.721222 0.0
24 -73.985000 40.721222 0.0
25 -73.971667 40.721222 0.0
26 -73.958333 40.721222 0.0
27 -73.945000 40.721222 0.0
28 -73.931667 40.721222 0.0
29 -73.918333 40.721222 0.0
30 -73.905000 40.721222 0.0
31 -74.025000 40.732333 0.0
32 -74.011667 40.732333 0.0
33 -73.998333 40.732333 0.0
34 -73.985000 40.732333 0.0
35 -73.971667 40.732333 0.0
36 -73.958333 40.732333 0.0
37 -73.945000 40.732333 0.0
38 -73.931667 40.732333 0.0
39 -73.918333 40.732333 0.0
40 -73.905000 40.732333 0.0
41 -74.025000 40.743444 0.0
42 -74.011667 40.743444 0.0
43 -73.998333 40.743444 0.0
44 -73.985000 40.743444 0.0
45 -73.971667 40.743444 0.0
46 -73.958333 40.743444 0.0
47 -73.945000 40.743444 0.0
48 -73.931667 40.743444 0.0
49 -73.918333 40.743444 0.0
50 -73.905000 40.743444 0.0
51 -74.025000 40.754556 0.0
52 -74.011667 40.754556 0.0
53 -73.998333 40.754556 0.0
54 -73.985000 40.754556 0.0
55 -73.971667 40.754556 0.0
56 -73.958333 40.754556 0.0
57 -73.945000 40.754556 0.0
58 -73.931667 40.754556 0.0
59 -73.918333 40.754556 0.0
60 -73.905000 40.754556 0.0
61 -74.025000 40.765667 0.0
62 -74.011667 40.765667 0.0
63 -73.998333 40.765667 0.0
64 -73.985000 40.765667 0.0
65 -73.971667 40.765667 0.0
66 -73.958333 40.765667 0.0
67 -73.945000 40.765667 0.0
68 -73.931667 40.765667 0.0
69 -73.918333 40.765667 0.0
70 -73.905000 40.765667 0.0
71 -74.025000 40.776778 0.0
72 -74.011667 40.776778 0.0
73 -73.998333 40.776778 0.0
74 -73.985000 40.776778 0.0
75 -73.971667 40.776778 0.0
76 -73.958333 40.776778 0.0
77 -73.945000 40.776778 0.0
78 -73.931667 40.776778 0.0
79 -73.918333 40.776778 0.0
80 -73.905000 40.776778 0.0
81 -74.025000 40.787889 0.0
82 -74.011667 40.787889 0.0
83 -73.998333 40.787889 0.0
84 -73.985000 40.787889 0.0
85 -73.971667 40.787889 0.0
86 -73.958333 40.787889 0.0
87 -73.945000 40.787889 0.0
88 -73.931667 40.787889 0.0
89 -73.918333 40.787889 0.0
90 -73.905000 40.787889 0.0
91 -74.025000 40.799000 0.0
92 -74.011667 40.799000 0.0
93 -73.998333 40.799000 0.0
94 -73.985000 40.799000 0.0
95 -73.971667 40.799000 0.0
96 -73.958333 40.799000 0.0
97 -73.945000 40.799000 0.0
98 -73.931667 40.799000 0.0
99 -73.918333 40.799000 0.0
100 -73.905000 40.799000 0.0
